noiseSigmaM_z = 0.001000 
noiseSigmaM_xy = 1.000000 
noiseSigmaS = 0.030000 
